108613100
108370000
110752500
110828600
111054700
111158800
110543700
110555400
111127200
111042400
111595600
112042500
111198200
111427200
110232800
110951900
110240400
111143200
111721800
110281500
111811500
111973900
111617400
109747000
113166400
112790000
109633900
110260300
111502200
111122200
110910600
115637000
110278800
110530800
109449600
111333200
110935700
111711900
114136200
114186600
111384300
111804300
134379700
114679100
114093300
111789300
111617500
117254400
110090000
113425600
110694100
114066500
111668100
113134900
108968400
110506500
109197000
109169700
124724400
112354700
111732600
113855300
112515500
111257900
109693000
111216100
111477700
111238900
111229800
111489700
111627700
110210800
111434300
110913500
111297600
111993300
110389600
114184300
111180300
111739300
111205500
111686500
112309000
112994700
111710700
112080600
111762200
118701000
110135800
110215900
109396500
110759500
111853100
110771000
111543900
111358600
113529900
113137600
111286000
111477600
