102590000
105500000
103433800
103018500
103168700
113177400
102277600
104419600
103098800
103222300
103101900
104016900
103943100
105742700
103984300
105481200
104585100
107949900
103703300
103775900
103295000
104436700
104851400
106205400
105804200
108936000
103523900
106797900
101356100
102583900
105896200
111364400
103020500
103786300
104242500
104698100
107009600
102581200
103652100
103896400
102806600
104088100
104009200
103695500
111650000
101376500
104261600
105480900
108395600
103603300
103443400
104782700
102947900
108034700
106471600
105674800
106166400
103507300
105588800
111157800
121072800
111936100
107136200
103526500
116795700
105415900
113216200
111254800
103047800
111314000
102781000
108694300
114414800
112681700
117970700
108327400
103398500
103321500
104463900
105299600
108106600
108461200
118264300
111754900
109776200
104094200
112124600
105165500
104103200
103302200
109898000
104344100
104343000
104645200
104560000
106292200
110362200
102179600
105137700
104308400
