104235900
106662100
104336200
104239800
103499800
103030600
102852200
104435200
103697400
104482900
104426600
103410500
102834000
105764900
103440700
104287300
106943000
105120000
104141900
104139500
105318100
103971300
103429100
105053700
103593100
103819400
101925300
103756700
104404200
103583700
104706600
105219400
103597900
103388300
101951300
103730800
104533700
100695300
105490700
103844400
104147500
104572100
102381500
103605100
105033800
103095600
103770000
105221300
104611700
103733800
103255800
104868900
104142100
104708500
102761300
103093400
105436200
104492100
106199600
102907500
103986600
104415400
104405500
104102500
102687200
102344600
105390500
105315900
107238000
106613300
103452200
105410900
104931400
101805600
106036100
112047600
102546200
103546400
103262100
104869000
101942600
105543000
104886300
103785000
106053800
104555600
102521700
104185500
105053500
105542300
102778000
104360700
104478900
104628000
102512400
103459700
103081100
102936300
104739700
105688200
