113093400
111905500
114953700
110650500
111264800
112608300
120720100
122029500
118984200
120611000
118376800
120772900
120576200
111112300
110392500
110579600
111699900
110986900
111834200
115641400
112493400
113402300
139426700
110772300
111344300
114887400
111358300
131158300
113201200
111645400
112008700
110345200
111996100
111792100
124837300
111841900
110717700
117419000
113296300
109217400
112199400
110657900
112655500
111819600
113426900
110625800
110258400
112124700
112098000
113394800
110151700
113723700
110727500
111084400
110651500
111651000
111883600
110978600
111237900
111075700
111608700
111152300
111266300
115374500
111592500
110589200
111617000
112335500
110304300
111369700
110081400
110739300
110408200
111907700
111890800
112095400
113487600
112778100
111005900
110719900
111931700
111564300
111724300
111735100
111614700
116075600
115880200
112926500
111396700
112333900
111985800
111315100
119396100
112037200
111213000
113276400
112281600
110844100
112122500
111526300
