42500
42000
42100
42000
45500
41700
42300
42300
42200
42000
42700
41500
42100
42200
42300
42400
43400
55600
43000
42800
42400
42700
62400
42100
61700
42700
46100
41600
42900
45600
46000
42300
42400
42700
42700
42000
42000
42400
42000
41900
42100
42100
55700
42600
42300
62700
42700
42500
42500
52000
43300
42100
41700
43400
42700
42500
42100
42700
42100
42400
41900
42600
42000
42100
43000
46600
42400
43000
44700
43600
42200
41800
42800
42300
42700
43200
46000
42500
41700
42700
41900
42800
42700
43400
42500
42300
43100
42600
42900
47500
42700
42700
42600
41700
42500
42400
42200
42700
42500
42400
