23300
22300
23700
23400
22600
22400
23000
23300
22100
22800
22800
22500
22500
22100
29800
22400
23100
23400
22700
22500
23100
20300
23200
22500
21700
21000
22600
23300
21900
23700
22800
23200
25100
23400
23100
22800
22100
23400
23100
21600
23100
23600
22900
23100
22100
22000
23700
23300
23400
19700
22100
22400
23100
23300
21700
21600
22600
32600
22300
21100
25300
22800
22400
22300
21700
21000
20900
23600
23300
23800
41500
23200
21000
22700
23100
22900
23700
22300
23300
22700
21800
22700
22800
22100
21700
22800
23200
21800
22300
22200
24200
21700
23400
23000
27300
22500
23000
22000
22200
21900
