3000
3100
3000
3000
3100
3000
3000
3000
3100
3000
3100
3000
3000
3000
3100
3000
3000
3000
3000
3000
3000
3000
3000
3000
3000
3000
3000
3000
3000
3000
3000
3000
3000
3100
3000
3000
3000
3000
3000
3000
3000
3000
3000
3000
3000
3100
3100
3000
3000
3000
3100
3100
3000
3000
3100
3100
3000
3000
3000
3000
3000
3000
3100
3000
3000
3000
3000
3000
3000
3000
3000
3100
3000
3000
3000
3000
3000
3000
3000
3000
3000
3000
3000
3000
3000
3000
3000
3100
3100
3000
3000
3000
3000
3000
3100
3000
3000
3000
3000
3000
