7200
5800
7300
5300
5600
7000
5200
4300
4200
4100
4100
4200
4600
4200
4200
4200
4200
4200
4200
4200
4200
4100
6600
4700
4300
4000
4200
4200
4100
4100
4100
4000
4000
4100
4000
4100
4000
4100
4000
4000
4000
4000
4000
4100
4000
4100
4100
4000
4100
4000
4000
4000
4100
4000
6600
5000
4200
4200
4100
4100
4100
4100
4100
4000
4100
4100
4100
4100
4000
4100
4100
4100
4100
4100
4000
4100
4100
4100
6800
5100
5200
4200
4100
4000
4000
4100
4000
4000
4000
4100
4100
4000
4100
4000
4000
4000
4100
4000
4100
7000
