1743500
1329700
1330900
1330300
1329400
1329800
1329300
1329300
1329400
1329400
1329900
1329500
1329400
1329800
1329300
1329900
1329400
1329300
1329900
1329400
1329800
1329500
1329500
1330200
1329400
1330000
1329400
1329500
1329800
1329500
1329900
1329700
1334700
1330900
1329300
1332000
1329300
1330300
1333400
1329600
1329900
1329500
1329400
1330100
1329500
1329900
1330800
1330700
1329400
1329400
1330800
1329300
1330700
1329300
1331500
1329800
1331500
1329700
1330500
1330100
1334000
1329100
1330500
1329100
1329100
1330000
1329100
1329200
1329200
1329200
1329600
1329200
1329300
1329300
1329200
1329600
1331600
1331000
1329200
1329200
1329700
1329200
1334900
1330700
1330100
1330900
1333700
1329900
1329200
1329300
1329900
1329500
1329800
1331100
1332400
1329200
1329400
1329800
1329300
1329100
