6900
5400
4300
4000
3900
3900
7000
5000
4100
4000
4000
4000
3800
3900
4200
4000
4000
4200
3900
4000
3900
3900
3900
3900
3900
3900
3900
6900
4700
5300
5800
4400
4000
4100
3900
4000
4000
4000
4000
4200
4000
4000
4100
3900
3900
4000
4200
3900
4000
3900
4000
4000
3900
4000
4000
4000
4000
4000
3900
3900
4000
4000
4000
4000
3900
4000
4000
4200
6600
4800
4100
4000
4000
4000
4000
4100
3900
4000
3900
4100
4000
4000
6800
6600
4900
6800
5900
4400
4000
4000
4000
4100
4700
3900
3900
3900
3900
4000
4000
3900
