1326600
1326900
1326900
1327700
1326100
1326500
1326000
1326000
1326500
1325900
1326100
1326100
1325900
1326500
1326000
1326000
1326500
1326000
1326500
1326000
1326000
1326500
1326000
1331300
1326000
1326200
1327400
1330100
1326000
1326500
1325900
1326500
1326000
1326100
1326600
1326000
1326600
1326000
1326000
1326600
1326000
1326000
1326600
1326000
1326500
1326000
1326000
1326500
1326000
1326100
1326100
1326900
1327500
1326100
1326100
1326500
1326100
1326500
1326100
1326300
1326600
1326000
1327000
1326100
1326100
1326600
1326000
1326100
1326600
1326100
1326500
1326100
1326100
1326700
1326100
1330300
1329100
1327400
1327500
1326200
1326100
1326000
1326100
1326600
1326100
1326100
1326600
1326100
1326100
1326100
1326000
1326600
1326100
1326100
1326600
1326100
1326600
1326100
1326100
1326800
